6
7
6 198 774 123 705 174 1435 241 63 620 524 540 1838
6 184 137 303 567 563 228 704 1697 780 812 638 1809
7 784 1758 350 1164 839 1930 769 1280 513 1009 165 1287 218 697
7 532 160 844 111 479 1777 263 1280 417 1693 20 812 619 1650
4 51 1603 106 1367 221 1754 483 107
1 136 1673
7 244 734 208 454 963 1745 682 1227 931 1322 553 1820 279 1978
2
2 120 50 120 60
2 120 60 150 50
3
3 100 25 150 35 80 25
2 120 80 155 40
2 100 100 120 110
1
5 299 325 240 417 383 391 405 512 465 988
7
6 301 960 482 794 472 196 89 373 514 557 446 1089
9 126 491 91 1068 123 498 119 251 138 838 386 831 144 349 196 434 355 142
8 67 926 534 1039 472 123 114 986 382 561 277 922 87 718 413 957
5 163 378 245 301 67 631 483 563 330 1031
8 487 1073 137 1055 202 171 296 174 144 911 511 378 322 640 150 261
2 365 470 105 1029
1 300 582
8
4 317 932 464 799 180 803 74 317
1 226 740
8 301 186 118 664 414 792 506 564 255 1067 181 675 424 660 125 224
4 495 858 360 877 74 961 309 679
9 378 1042 464 1068 249 117 456 719 483 870 361 490 136 616 407 318 493 832
9 420 308 223 415 368 436 495 294 99 656 176 887 287 168 252 657 317 319
5 436 605 284 649 445 773 115 704 441 960
7 71 330 447 647 96 667 433 443 312 532 449 340 122 236
> 0.042
> 1.2
> 0.649
> 0.980
> 0.132
> 0.062
